4 15 1 11 3 2 0 8 7 6 13 10 14 4 9 5 12 1 2 3 4 5 6 7 8 9 10 11 12 13 14 15 0
4 3 7 13 5 2 8 10 0 1 9 4 6 15 12 11 14 1 2 3 4 5 6 7 8 9 10 11 12 13 14 15 0
4 2 4 7 11 10 3 12 5 1 9 0 8 14 13 6 15 1 2 3 4 5 6 7 8 9 10 11 12 13 14 15 0
4 3 1 0 4 10 6 7 8 9 13 5 11 14 15 2 12 1 2 3 4 5 6 7 8 9 10 11 12 13 14 15 0
4 6 1 0 5 3 13 7 2 10 14 12 4 9 11 8 15 1 2 3 4 5 6 7 8 9 10 11 12 13 14 15 0
4 1 7 0 2 10 3 12 14 5 13 8 15 6 9 11 4 1 2 3 4 5 6 7 8 9 10 11 12 13 14 15 0
4 2 3 15 11 6 0 8 4 13 1 5 7 14 10 9 12 1 2 3 4 5 6 7 8 9 10 11 12 13 14 15 0
4 7 1 8 2 5 0 6 4 13 9 10 12 11 3 14 15 1 2 3 4 5 6 7 8 9 10 11 12 13 14 15 0
4 0 9 5 3 14 6 8 4 2 1 7 12 15 13 10 11 1 2 3 4 5 6 7 8 9 10 11 12 13 14 15 0
4 13 2 15 6 5 4 10 1 9 12 0 7 3 14 8 11 1 2 3 4 5 6 7 8 9 10 11 12 13 14 15 0
